Min:1.17854 , Max:1.26424
Min:1.17583 , Max:1.26289
Min:1.15645 , Max:1.21474
